      Stock        Date        Open        High         Low       Close  \
0      AAPL  2010-01-04  445.627510  465.464143  431.513035  450.378213   
1      AAPL  2010-01-05  441.194244  449.726464  432.618124  437.397748   
2      AAPL  2010-01-07  395.417421  399.413060  385.055059  388.718345   
3      AAPL  2010-01-11  478.631057  501.639769  461.991967  484.401144   
4      AAPL  2010-01-12  179.950904  183.900759  175.076588  181.516782   
...     ...         ...         ...         ...         ...         ...   
50344  TSLA  2202-12-01  252.632973  255.849960  246.056470  253.503707   
50345  TSLA  2202-12-09  144.930034  149.742444  136.559836  142.888733   
50346  TSLA  2202-12-13  309.154585  318.731779  300.264935  310.458377   
50347  TSLA  2202-12-15  195.542188  198.632883  191.095971  193.650255   
50348  TSLA  2202-12-21  416.282948  425.741095  406.045217  410.052198   

        Volume      SMA_10        RSI      MACD  Bollinger_Upper  \
0      2441288  301.310351  64.061774  2.449751       464.398638   
1      4714199  280.015623  52.032235 -3.726473       450.099041   
2      3948217  323.131496  71.817441 -4.215862       396.010670   
3      3637733  273.944016  67.133451  1.574418       496.399599   
4       693492  237.354447  84.797294  1.552505       189.479672   
...        ...         ...        ...       ...              ...   
50344  4231791  308.690354  52.049065  0.006139       263.440844   
50345  3163615  251.171784  69.407608  3.285598       156.125748   
50346  4277458  261.636379  46.411470 -3.419487       322.696934   
50347  1049336  276.348336  28.515595 -2.786398       198.772974   
50348  3980102  274.376780  44.355109 -3.663012       415.553315   

       Bollinger_Lower  GDP_Growth  Inflation_Rate  Interest_Rate  \
0           438.231589    2.845199        1.505217       4.360374   
1           431.018080    3.352677        1.516110       2.309996   
2           374.092744    3.471209        2.256823       0.984588   
3           479.317188    2.962110        2.238436       1.754234   
4           171.610610    2.727858        2.378014       2.562107   
...                ...         ...             ...            ...   
50344       244.288946    3.139296        2.056435       2.671630   
50345       135.966587    2.904545        1.660142       2.454363   
50346       299.873656    3.148182        2.483237       2.008409   
50347       184.331390    2.671756        1.795277       4.345577   
50348       396.362481    2.656378        2.027740       2.853118   

       Sentiment_Score  Next_Close  Target  
0            -0.079418  445.714557       0  
1             0.511900  439.507357       1  
2             0.049279  387.335810       0  
3             0.737874  476.642532       0  
4            -0.905092  182.863272       1  
...                ...         ...     ...  
50344         0.859307  248.582750       0  
50345        -0.036178  141.163357       0  
50346         0.915237  310.223950       0  
50347        -0.836666  190.725552       0  
50348        -0.943439  409.745233       0  

[50349 rows x 18 columns]